100
4
10 5 15 5
2
100 100
8
81 81 81 81 81 81 81 0
6
23 90 40 0 100 9
2
0 0
10
100 0 100 0 100 0 100 0 100 0
10
100 100 100 100 100 100 100 100 100 0
5
86 25 72 55 48
6
3 78 35 19 97 48
7
99 38 67 12 11 92 19
8
17 98 37 74 34 19 2 81
9
28 81 66 69 76 89 50 33 64
10
21 10 21 46 79 5 37 98 56 77
10
95 74 33 77 55 29 59 39 52 71
10
44 5 82 74 6 1 5 4 41 41
10
49 0 58 25 99 60 88 82 21 31
10
85 19 29 82 53 46 48 9 83 54
10
43 63 25 73 76 76 48 10 28 46
10
82 50 50 86 19 1 90 57 45 63
10
89 51 76 85 89 94 38 98 63 13
10
26 0 38 38 92 86 87 55 46 39
10
96 98 18 81 29 70 3 96 53 94
10
42 99 44 56 97 19 96 63 80 51
10
32 19 40 82 15 16 69 73 91 70
10
15 55 84 98 78 23 32 21 21 18
10
82 64 32 26 33 58 43 44 55 58
10
93 46 81 27 84 81 50 80 91 38
10
54 45 32 77 6 49 87 82 61 75
10
59 15 29 46 67 47 90 49 60 69
10
80 51 15 91 63 18 22 61 61 73
10
98 62 18 49 9 6 69 10 11 58
10
40 30 45 45 79 95 72 51 16 29
10
45 74 69 95 32 79 46 45 17 32
10
69 17 62 34 97 10 39 85 56 61
10
97 21 13 32 53 2 22 29 23 80
10
8 28 92 64 55 10 17 81 86 93
10
52 13 94 59 52 2 23 21 68 18
10
83 25 26 73 69 82 86 72 24 89
10
30 5 65 1 28 72 32 46 31 60
10
9 3 50 72 60 15 91 40 30 41
10
87 93 19 90 5 91 91 14 68 31
10
38 61 19 38 49 86 90 75 87 39
10
81 18 65 51 21 51 41 66 95 66
10
59 30 78 7 11 40 60 30 89 81
10
87 89 69 98 8 88 56 61 91 54
10
41 95 26 56 95 1 34 49 49 9
10
80 89 72 88 76 52 20 27 10 64
10
38 84 15 73 6 19 37 94 77 13
10
4 27 61 71 57 4 76 94 48 50
10
72 31 86 19 25 24 12 96 28 94
10
48 38 12 74 75 67 24 36 96 66
10
36 38 85 8 33 39 9 60 69 90
10
34 77 76 99 61 4 28 72 46 89
10
59 18 59 93 1 35 68 51 37 78
10
19 80 48 94 71 7 31 69 98 56
10
52 36 75 53 50 94 46 72 1 51
10
87 69 2 15 77 98 18 99 91 10
10
74 11 37 62 56 93 78 15 68 56
10
62 72 22 42 23 57 44 19 68 20
10
49 74 43 24 51 24 4 52 5 51
10
10 7 19 77 49 19 60 96 72 5
10
6 43 36 80 38 38 47 79 97 5
10
55 14 55 97 33 36 3 67 79 86
10
63 44 32 7 91 53 4 56 90 33
10
31 87 52 65 24 22 7 99 25 17
10
93 80 67 54 44 39 48 14 89 72
10
72 15 77 21 73 53 6 71 15 32
10
66 23 97 67 2 75 48 41 14 21
10
68 30 20 61 41 39 75 74 31 11
10
49 74 78 7 42 72 52 25 29 29
10
85 92 66 10 21 46 71 74 84 80
10
48 87 71 14 24 88 53 42 16 38
10
80 13 30 31 98 60 73 16 63 7
10
47 29 15 70 39 81 18 23 27 5
10
57 18 45 97 23 67 96 3 76 71
10
20 35 67 10 32 3 65 7 56 35
10
71 47 63 13 65 8 3 63 96 42
10
31 82 92 97 0 48 28 70 31 49
10
9 25 94 37 0 13 55 68 41 11
10
99 40 44 77 87 21 14 2 55 5
10
10 87 83 98 68 23 59 79 88 6
10
89 82 16 7 88 46 34 68 58 50
10
51 28 78 55 32 81 47 92 46 91
10
81 50 71 84 84 82 66 61 70 10
10
33 7 79 44 84 29 33 72 1 15
10
65 46 31 95 94 43 61 58 73 76
10
97 2 78 93 19 98 83 44 23 86
10
80 42 84 12 87 62 15 56 64 45
10
74 30 6 93 77 98 55 97 53 29
10
25 65 5 45 16 68 19 66 88 70
10
59 42 56 37 58 45 33 41 67 74
10
57 51 92 52 97 64 76 17 5 5
10
45 57 65 18 83 83 36 89 14 17
10
9 22 4 18 13 46 5 42 22 69
10
57 12 43 57 61 6 81 99 96 14
10
26 68 76 91 59 95 94 50 20 67
10
39 39 74 66 55 65 52 95 37 46
10
36 34 31 9 14 87 29 56 23 98
10
47 6 15 86 11 96 3 6 45 18
10
43 97 62 64 59 14 92 60 15 75
